layout_spectrum: 0.170247
color:
  saturation: 0.2153598
  brandStrength: 0.9234761
  lightness: 0.2443609
  rhythmicContrast: 1
typography_spectrum: 0.4688507
